//Yamile Nazarena Erbes 94700/7 comisión 1

PImage paisaje;
size(800, 400);
paisaje = loadImage("valle.jpg");

paisaje.resize(400, 400);

background(219, 238, 255);
noStroke();
image(paisaje, 0, 0, 400, 400);

fill(242,251,255);
rect(400,0,400,130);
fill(181, 192, 201);
quad(590, 240, 600, 190, 620, 180, 710, 250);

fill(119, 131, 142);
circle(550, 240, 120);

fill(95, 70, 59);
triangle(460, 170, 505, 140, 520, 210);

fill(198, 165, 148);
triangle(460, 190, 530, 145, 550, 230);

fill(108, 84, 76);
triangle (460, 250, 555, 180, 585, 300);

fill(64, 51, 42);
quad(500, 300, 500, 185, 530, 210, 580, 300);
quad(420, 200, 470, 150, 500, 200, 500, 300);

fill(80, 62, 53);
quad(400, 200, 400, 100, 471, 150, 421, 200);

fill(59, 43, 36);
quad(400, 300, 400, 200, 421, 200, 501, 300);

fill(191, 159, 108);
quad(583, 290, 655, 150, 690, 130, 695, 290);

fill(90, 80, 64);
triangle(689, 130, 750, 140, 694, 225);

fill(116, 113, 85);
triangle(725, 160, 800, 85, 800, 160);
quad(690, 225, 725, 160, 800, 85, 800, 225);
quad(610, 300, 690, 225, 800, 225, 800, 300);

fill(218, 240, 238);
ellipse(560, 280, 270, 40);

fill(52, 72, 44);
rect(400, 300, 400, 400);

fill(34, 46, 29);
triangle(720, 400, 790, 175, 800, 400);
triangle(550, 400, 570, 240, 600, 400);
triangle(480, 400, 510, 250, 550, 400);
triangle(400, 400, 450, 250, 500, 400);
fill(69, 82, 55);
triangle(440, 400, 480, 220, 520, 400);
triangle(570, 400, 600, 300, 640, 400);
